
      0.92308
      0.79709
     0.090005
      0.52427
      0.47323
      0.79642
     0.015758
      0.60272
      0.48062
      0.86613
      0.83865
      0.10810
      0.57289
      0.71296
      0.43308
      0.75005
      0.68661
      0.32858
      0.19941
      0.87256
      0.16703
      0.15460
     0.013343
      0.11250
      0.13284
      0.13699
     0.020144
      0.69214
      0.68592
      0.91131
      0.26099
      0.91764
      0.12369
      0.12987
      0.57928
     0.084044
      0.83745
      0.10286
      0.52105
      0.45492
      0.87201
    0.0034925
      0.10720
      0.81973
      0.75739
      0.23786
      0.65192
      0.83541
      0.39761
      0.28157
